  0.0000000000000000D+00  0.0000000000000000D+00  0.0000000000000000D+00  0.0000000000000000D+00  0.0000000000000000D+00  0.0000000000000000D+00
  0.0000000000000000D+00  0.0000000000000000D+00  0.0000000000000000D+00  0.0000000000000000D+00  0.0000000000000000D+00  0.7031249999999985D-04
  0.0000000000000000D+00  0.0000000000000000D+00  0.3515624999999992D-06  0.0000000000000000D+00  0.2647931515598048D-20  0.1097038467584535D-03
  0.0000000000000000D+00  0.1323919803320549D-22  0.9000817337922669D-06  0.0000000000000000D+00 -0.6506351344398273D-20  0.1010894277937942D-03
  0.0000000000000000D+00 -0.1844174911815601D-22  0.1405528872761237D-05  0.0000000000000000D+00 -0.1595148581716923D-19  0.5336385725531895D-04
  0.0000000000000000D+00 -0.9443072635487894D-22  0.1672348159037832D-05  0.0000000000000000D+00 -0.3295621580683006D-19 -0.4044083147442851D-17
  0.0000000000000000D+00 -0.2527179617929515D-21  0.1672348159037812D-05  0.0000000000000000D+00 -0.5244331569904851D-19 -0.4689194668850625D-18
  0.0000000000000000D+00 -0.4975694179662892D-21  0.1672348159037809D-05  0.0000000000000000D+00 -0.5089468166426593D-19  0.3067766904392937D-04
  0.0000000000000000D+00 -0.7936663111136699D-21  0.1825736504257457D-05  0.0000000000000000D+00  0.3589069420830813D-19  0.1007208820990845D-03
  0.0000000000000000D+00 -0.7192845019746375D-21  0.2329340914752879D-05  0.0000000000000000D+00  0.5351244325700148D-19  0.1939081332145243D-03
  0.0000000000000000D+00 -0.2684572753002929D-21  0.3298881580825500D-05  0.0000000000000000D+00  0.9882627770128306D-23  0.3044681006750612D-03
  0.0000000000000000D+00 -0.1785838662988242D-21  0.4821222084200805D-05  0.0000000000000000D+00 -0.7975450880909330D-20  0.4113341916897775D-03
  0.0000000000000000D+00 -0.2822965232122181D-21  0.6877893042649694D-05  0.0000000000000000D+00  0.2416356348886290D-19  0.4974702338509226D-03
  0.0000000000000000D+00 -0.1252873958278239D-21  0.9365244211904308D-05  0.0000000000000000D+00 -0.9091345295488648D-20  0.5529849221818976D-03
  0.0000000000000000D+00 -0.3031366658522631D-21  0.1213016882281380D-04  0.0000000000000000D+00 -0.2401517313292793D-19  0.5762933965175652D-03
  0.0000000000000000D+00 -0.4782982276256899D-21  0.1501163580540162D-04  0.0000000000000000D+00 -0.4673392166123272D-19  0.5735190478638973D-03
  0.0000000000000000D+00 -0.6507929417043767D-21  0.1787923104472111D-04  0.0000000000000000D+00 -0.2011333816489738D-18  0.5564956609597400D-03
  0.0000000000000000D+00 -0.1670729998456751D-20  0.2066170934951981D-04  0.0000000000000000D+00 -0.1614076889909384D-18  0.5397524232859525D-03
  0.0000000000000000D+00 -0.2718773593073113D-20  0.2336047146594957D-04  0.0000000000000000D+00 -0.2631186882165903D-19  0.5369420842910785D-03
  0.0000000000000000D+00 -0.3079794580856245D-20  0.2604518188740496D-04  0.0000000000000000D+00  0.1706690605627392D-18  0.5573689291840723D-03
  0.0000000000000000D+00 -0.2135413223225466D-20  0.2883202653332533D-04  0.0000000000000000D+00  0.3189721694576960D-18  0.6034597345555387D-03
  0.0000000000000000D+00 -0.3278461726615970D-21  0.3184932520610301D-04  0.0000000000000000D+00  0.5317966544144201D-19  0.6699789354267330D-03
  0.0000000000000000D+00 -0.4104558942612453D-21  0.3519921988323669D-04  0.0000000000000000D+00  0.2788445586799517D-19  0.7453886764860872D-03
  0.0000000000000000D+00 -0.7814847768300446D-22  0.3892616326566712D-04  0.0000000000000000D+00 -0.3370280310710859D-18  0.8150779416074812D-03
  0.0000000000000000D+00 -0.7528263178196494D-21  0.4300155297370454D-04  0.0000000000000000D+00 -0.5203265843156450D-18  0.8655093866569932D-03
  0.0000000000000000D+00 -0.3663698325628887D-20  0.4732909990698951D-04  0.0000000000000000D+00 -0.4261810621500391D-18  0.8879775317070397D-03
  0.0000000000000000D+00 -0.5718365712895122D-20  0.5176898756552469D-04  0.0000000000000000D+00  0.3627475243893533D-20  0.8808153432259627D-03
  0.0000000000000000D+00 -0.5009088863942334D-20  0.5617306428165452D-04  0.0000000000000000D+00  0.1496305652977257D-18  0.8494630533008521D-03
  0.0000000000000000D+00 -0.4291817342397090D-20  0.6042037954815877D-04  0.0000000000000000D+00 -0.3328759895624780D-18  0.8045579042470545D-03
  0.0000000000000000D+00 -0.5079595049402812D-20  0.6444316906939404D-04  0.0000000000000000D+00 -0.8349904361834574D-18  0.7588013850717674D-03
  0.0000000000000000D+00 -0.9705916161637983D-20  0.6823717599475289D-04  0.0000000000000000D+00 -0.2406711741467157D-18  0.7236086671429644D-03
  0.0000000000000000D+00 -0.1095667791792180D-19  0.7185521933046770D-04  0.0000000000000000D+00  0.3716946966774916D-18  0.7766483676789168D-03
  0.0000000000000000D+00 -0.9498714325170156D-20  0.7573846116886228D-04  0.0000000000000000D+00  0.3723838497418886D-18  0.9278779418331103D-03
  0.0000000000000000D+00 -0.8521158250200997D-20  0.8037785087802783D-04  0.0000000000000000D+00  0.4486908008684136D-18  0.1144074343892802D-02
  0.0000000000000000D+00 -0.6948212287315927D-20  0.8609822259749189D-04  0.0000000000000000D+00  0.8369785667465448D-18  0.1381766414984002D-02
  0.0000000000000000D+00 -0.2798953394438752D-20  0.9300705467241189D-04  0.0000000000000000D+00  0.6008511527510389D-18  0.1597749570623668D-02
  0.0000000000000000D+00  0.3254795104919784D-20  0.1009958025255302D-03  0.0000000000000000D+00 -0.7120260294093822D-18  0.1758846927274421D-02
  0.0000000000000000D+00  0.5891100436398241D-21  0.1097900371619023D-03  0.0000000000000000D+00 -0.1875278144681375D-17  0.1848617801008388D-02
  0.0000000000000000D+00 -0.9797695748495153D-20  0.1190331261669442D-03  0.0000000000000000D+00 -0.1438308540492152D-17  0.1869653254815849D-02
  0.0000000000000000D+00 -0.1739927547304410D-19  0.1283813924410235D-03  0.0000000000000000D+00 -0.1095711660010278D-17  0.1841276061737605D-02
  0.0000000000000000D+00 -0.2323373777509210D-19  0.1375877727497115D-03  0.0000000000000000D+00  0.9023469608754594D-18  0.1793559140685619D-02
  0.0000000000000000D+00 -0.1948579758920123D-19  0.1465555684531396D-03  0.0000000000000000D+00  0.1708658174887680D-17  0.1759344879383368D-02
  0.0000000000000000D+00 -0.9512270970007826D-20  0.1553522928500564D-03  0.0000000000000000D+00  0.9051310980939597D-18  0.1766254171498889D-02
  0.0000000000000000D+00 -0.5884831604027340D-20  0.1641835637075509D-03  0.0000000000000000D+00 -0.1177936915499018D-18  0.1830502929626281D-02
  0.0000000000000000D+00 -0.4731662463186095D-20  0.1733360783556823D-03  0.0000000000000000D+00 -0.1561923492021814D-17  0.1953781160442454D-02
  0.0000000000000000D+00 -0.1315690133550910D-19  0.1831049841578945D-03  0.0000000000000000D+00 -0.2103305512309308D-17  0.2123655168191740D-02
  0.0000000000000000D+00 -0.2328929063351710D-19  0.1937232599988533D-03  0.0000000000000000D+00 -0.1743370488782148D-17  0.2317124394064000D-02
  0.0000000000000000D+00 -0.3086796727688635D-19  0.2053088819691732D-03  0.0000000000000000D+00 -0.5708868870031099D-18  0.2506291381696527D-02
  0.0000000000000000D+00 -0.3087881662964099D-19  0.2178403388776559D-03  0.0000000000000000D+00  0.8691217567938930D-18  0.2664725523313601D-02
  0.0000000000000000D+00 -0.2505256443983345D-19  0.2311639664942239D-03  0.0000000000000000D+00  0.4952699117761963D-18  0.2773074856943755D-02
  0.0000000000000000D+00 -0.2236580137703004D-19  0.2450293407789427D-03  0.0000000000000000D+00 -0.1145307638262171D-17  0.2822772390226499D-02
  0.0000000000000000D+00 -0.2915619908331598D-19  0.2591432027300751D-03  0.0000000000000000D+00 -0.9493428028995520D-18  0.2817192548145416D-02
  0.0000000000000000D+00 -0.2944463318542891D-19  0.2732291654708023D-03  0.0000000000000000D+00 -0.2418136306192537D-17  0.2770205175822282D-02
  0.0000000000000000D+00 -0.4535791118315039D-19  0.2870801913499136D-03  0.0000000000000000D+00 -0.1555228172155530D-17  0.2702618722303723D-02
  0.0000000000000000D+00 -0.5204516988305827D-19  0.3005932849614322D-03  0.0000000000000000D+00 -0.2769403691332373D-18  0.2657391984363751D-02
  0.0000000000000000D+00 -0.5008824661891421D-19  0.3138802448832510D-03  0.0000000000000000D+00  0.2447496494058353D-18  0.2730211937115572D-02
  0.0000000000000000D+00 -0.4875457214678858D-19  0.3275313045688289D-03  0.0000000000000000D+00  0.2304593415519055D-18  0.2907196963401036D-02
  0.0000000000000000D+00 -0.5217483464904840D-19  0.3420672893858341D-03  0.0000000000000000D+00  0.1740557481191462D-17  0.3152201344784789D-02
  0.0000000000000000D+00 -0.4280481798237845D-19  0.3578282961097581D-03  0.0000000000000000D+00  0.1202575360712529D-17  0.3418051286672628D-02
  0.0000000000000000D+00 -0.3766282487579858D-19  0.3749185525431212D-03  0.0000000000000000D+00 -0.9060345578752662D-18  0.3659315482669763D-02
  0.0000000000000000D+00 -0.4507907190242117D-19  0.3932151299564700D-03  0.0000000000000000D+00 -0.3370434209608440D-17  0.3842949197662069D-02
  0.0000000000000000D+00 -0.5374004333082661D-19  0.4124298759447804D-03  0.0000000000000000D+00 -0.4368159705129595D-17  0.3954290950676446D-02
  0.0000000000000000D+00 -0.7831123228309467D-19  0.4322013306981625D-03  0.0000000000000000D+00 -0.1815248409902899D-17  0.3997579451874999D-02
  0.0000000000000000D+00 -0.8523006087660080D-19  0.4521892279575376D-03  0.0000000000000000D+00  0.2443677968278208D-17  0.3991786499927697D-02
  0.0000000000000000D+00 -0.6596772720488829D-19  0.4721481604571761D-03  0.0000000000000000D+00  0.3288474666389707D-17  0.3963663032089698D-02
  0.0000000000000000D+00 -0.5477798950266691D-19  0.4919664756176244D-03  0.0000000000000000D+00  0.7299248449202472D-18  0.3940258290141409D-02
  0.0000000000000000D+00 -0.5318464325250457D-19  0.5116677670683315D-03  0.0000000000000000D+00 -0.2553169252617885D-17  0.3993523039246288D-02
  0.0000000000000000D+00 -0.7305812365038276D-19  0.5316353822645629D-03  0.0000000000000000D+00 -0.3316255749673551D-17  0.4148183620552572D-02
  0.0000000000000000D+00 -0.9184208334767655D-19  0.5523763003673258D-03  0.0000000000000000D+00 -0.3234815904998332D-17  0.4372185503827319D-02
  0.0000000000000000D+00 -0.1072773202941870D-18  0.5742372278864623D-03  0.0000000000000000D+00 -0.1643737262247075D-17  0.4620195841763996D-02
  0.0000000000000000D+00 -0.1178883918347534D-18  0.5973382070952823D-03  0.0000000000000000D+00 -0.1194415971199418D-17  0.4851168800441825D-02
  0.0000000000000000D+00 -0.1286888765145756D-18  0.6215940510974916D-03  0.0000000000000000D+00 -0.2334066365873601D-19  0.5039592399455636D-02
  0.0000000000000000D+00 -0.1247390837551973D-18  0.6467920130947698D-03  0.0000000000000000D+00 -0.1323755460123314D-17  0.5177230440141609D-02
  0.0000000000000000D+00 -0.1399084668394952D-18  0.6726781652954779D-03  0.0000000000000000D+00 -0.2066332070619054D-18  0.5267589412309299D-02
  0.0000000000000000D+00 -0.1439668928018611D-18  0.6990161123570244D-03  0.0000000000000000D+00 -0.9477105863639606D-18  0.5318490048048113D-02
  0.0000000000000000D+00 -0.1479551811935202D-18  0.7256085625972648D-03  0.0000000000000000D+00  0.1118407287517443D-17  0.5337605972997142D-02
  0.0000000000000000D+00 -0.1343146166235500D-18  0.7522965924622504D-03  0.0000000000000000D+00 -0.4974813165107805D-18  0.5332569766505259D-02
  0.0000000000000000D+00 -0.1310644947421235D-18  0.7789594412947767D-03  0.0000000000000000D+00 -0.2385293117410113D-17  0.5313660210339528D-02
  0.0000000000000000D+00 -0.1400374455123747D-18  0.8055277423464743D-03  0.0000000000000000D+00 -0.5933243631075531D-17  0.5295457624283531D-02
  0.0000000000000000D+00 -0.1748304998496280D-18  0.8320050304678919D-03  0.0000000000000000D+00 -0.5393958632962946D-17  0.5294960108206369D-02
  0.0000000000000000D+00 -0.2015770097862104D-18  0.8584798310089239D-03  0.0000000000000000D+00 -0.4024989157546155D-17  0.5434345630360359D-02
  0.0000000000000000D+00 -0.2206956860702033D-18  0.8856515591607254D-03  0.0000000000000000D+00  0.6132038429056341D-18  0.5716377764628108D-02
  0.0000000000000000D+00 -0.2110902224723820D-18  0.9142334479838659D-03  0.0000000000000000D+00 -0.9928562361925165D-18  0.6089994741525495D-02
  0.0000000000000000D+00 -0.2231787515107691D-18  0.9446834216914933D-03  0.0000000000000000D+00  0.2192585403257324D-18  0.6489240842321521D-02
  0.0000000000000000D+00 -0.2173870856865125D-18  0.9771296259031010D-03  0.0000000000000000D+00  0.1353589105014819D-17  0.6849744472351867D-02
  0.0000000000000000D+00 -0.2098079714672280D-18  0.1011378348264860D-02  0.0000000000000000D+00  0.2635838843658711D-18  0.7123136373984734D-02
  0.0000000000000000D+00 -0.2098353081616885D-18  0.1046994030134784D-02  0.0000000000000000D+00 -0.2368789078130985D-17  0.7286348647253981D-02
  0.0000000000000000D+00 -0.2208655745224051D-18  0.1083425773371054D-02  0.0000000000000000D+00 -0.2260451058970562D-17  0.7344342664679107D-02
  0.0000000000000000D+00 -0.2410529080652558D-18  0.1120147486694449D-02  0.0000000000000000D+00 -0.2212763970532499D-17  0.7326349395699382D-02
  0.0000000000000000D+00 -0.2604833127798275D-18  0.1156779233672947D-02  0.0000000000000000D+00 -0.9731978666220513D-18  0.7276969007266910D-02
  0.0000000000000000D+00 -0.2685434433457467D-18  0.1193164078709281D-02  0.0000000000000000D+00  0.8717713988703285D-18  0.7244420268900729D-02
  0.0000000000000000D+00 -0.2480555579174136D-18  0.1229386180053785D-02  0.0000000000000000D+00 -0.3136603228916756D-17  0.7268776442076268D-02
  0.0000000000000000D+00 -0.2715632968287334D-18  0.1265730062264166D-02  0.0000000000000000D+00 -0.6068640162282804D-17  0.7373004481262119D-02
  0.0000000000000000D+00 -0.3052403445266792D-18  0.1302595084670477D-02  0.0000000000000000D+00 -0.3830649968455313D-17  0.7558895479911508D-02
  0.0000000000000000D+00 -0.3304745816120603D-18  0.1340389562070034D-02  0.0000000000000000D+00 -0.9378346879407988D-18  0.7808608635229667D-02
  0.0000000000000000D+00 -0.3298834107835509D-18  0.1379432605246182D-02  0.0000000000000000D+00  0.6098500127663105D-17  0.8090928032707920D-02
  0.0000000000000000D+00 -0.3000710537810917D-18  0.1419887245409722D-02  0.0000000000000000D+00  0.5466313823569045D-17  0.8370026256585818D-02
  0.0000000000000000D+00 -0.2841969954125770D-18  0.1461737376692651D-02  0.0000000000000000D+00  0.4295074920929673D-17  0.8614039472338516D-02
  0.0000000000000000D+00 -0.2574760676440229D-18  0.1504807574054344D-02  0.0000000000000000D+00 -0.2141976813650036D-17  0.8801238263698882D-02
  0.0000000000000000D+00 -0.2686222561220510D-18  0.1548813765372838D-02  0.0000000000000000D+00  0.7985878589544378D-17  0.8922743718015422D-02
  0.0000000000000000D+00 -0.2373862327783983D-18  0.1593427483962916D-02  0.0000000000000000D+00 -0.9915498978219407D-18  0.8982019580958962D-02
  0.0000000000000000D+00 -0.2458048510528730D-18  0.1638337581867710D-02  0.0000000000000000D+00 -0.1142274956060403D-16  0.8992218390272293D-02
  0.0000000000000000D+00 -0.2926420504958653D-18  0.1683298673819071D-02  0.0000000000000000D+00 -0.1175301371925516D-16  0.8972619844184838D-02
  0.0000000000000000D+00 -0.3771300006317741D-18  0.1728161773039996D-02  0.0000000000000000D+00 -0.6820752246056927D-17  0.8945011609732934D-02
  0.0000000000000000D+00 -0.4085342898489534D-18  0.1772886831088661D-02  0.0000000000000000D+00  0.1669002461771221D-17  0.8930321998591118D-02
  0.0000000000000000D+00 -0.4050042370602871D-18  0.1817538441081616D-02  0.0000000000000000D+00 -0.1649413884816119D-16  0.9073811797349819D-02
  0.0000000000000000D+00 -0.4993869153425756D-18  0.1862907500068365D-02  0.0000000000000000D+00 -0.2539367025111333D-16  0.9392858423089312D-02
  0.0000000000000000D+00 -0.6251712718548078D-18  0.1909871792183812D-02  0.0000000000000000D+00 -0.1059814430745265D-16  0.9837700425037947D-02
  0.0000000000000000D+00 -0.6720376530385428D-18  0.1959060294309002D-02  0.0000000000000000D+00 -0.2744098420445552D-17  0.1033600160524557D-01
  0.0000000000000000D+00 -0.6750642703755551D-18  0.2010740302335229D-02  0.0000000000000000D+00  0.9161503458756644D-18  0.1081105180393785D-01
  0.0000000000000000D+00 -0.6956684912317670D-18  0.2064795561354919D-02  0.0000000000000000D+00 -0.6588812287790874D-17  0.1119963814667676D-01
  0.0000000000000000D+00 -0.7302568113261662D-18  0.2120793752088302D-02  0.0000000000000000D+00 -0.3598354095186510D-17  0.1146519564885640D-01
  0.0000000000000000D+00 -0.7667234027157178D-18  0.2178119730332584D-02  0.0000000000000000D+00  0.1015915174977835D-17  0.1160349654301410D-01
  0.0000000000000000D+00 -0.7638337958656783D-18  0.2236137213047655D-02  0.0000000000000000D+00  0.2385753510922901D-17  0.1164026913292308D-01
  0.0000000000000000D+00 -0.7369971234852521D-18  0.2294338558712270D-02  0.0000000000000000D+00 -0.5567431888065425D-17  0.1162213264245096D-01
  0.0000000000000000D+00 -0.7623968819453699D-18  0.2352449221924525D-02  0.0000000000000000D+00 -0.6400249792904320D-17  0.1160363778125897D-01
  0.0000000000000000D+00 -0.8085124519854279D-18  0.2410467410830820D-02  0.0000000000000000D+00 -0.1826033091214629D-16  0.1163378581112210D-01
  0.0000000000000000D+00 -0.8902082988081443D-18  0.2468636339886430D-02  0.0000000000000000D+00 -0.2673848824160805D-16  0.1174515120402468D-01
  0.0000000000000000D+00 -0.1026008939386523D-17  0.2527362095906554D-02  0.0000000000000000D+00 -0.1047102567239285D-16  0.1194781311745336D-01
  0.0000000000000000D+00 -0.1070851151601202D-17  0.2587101161493820D-02  0.0000000000000000D+00 -0.5893531457079155D-17  0.1222898216676202D-01
  0.0000000000000000D+00 -0.1073681371349635D-17  0.2648246072327631D-02  0.0000000000000000D+00 -0.4868516365440838D-18  0.1255782303468243D-01
  0.0000000000000000D+00 -0.1066932848960012D-17  0.2711035187501043D-02  0.0000000000000000D+00 -0.2834437631239341D-16  0.1289384458827238D-01
  0.0000000000000000D+00 -0.1198496603199335D-17  0.2775504410442406D-02  0.0000000000000000D+00 -0.1671610992912571D-16  0.1319660046481627D-01
  0.0000000000000000D+00 -0.1281383007694009D-17  0.2841487412766487D-02  0.0000000000000000D+00 -0.1091762549065113D-16  0.1343441443897150D-01
  0.0000000000000000D+00 -0.1362659671423306D-17  0.2908659484961344D-02  0.0000000000000000D+00  0.8115563479701024D-19  0.1359035026328601D-01
  0.0000000000000000D+00 -0.1373560896032856D-17  0.2976611236277774D-02  0.0000000000000000D+00 -0.8903513022853646D-17  0.1366448501603370D-01
  0.0000000000000000D+00 -0.1403605615235099D-17  0.3044933661357942D-02  0.0000000000000000D+00 -0.7626352592179766D-18  0.1367246033638185D-01
  0.0000000000000000D+00 -0.1429963848447307D-17  0.3113295963039852D-02  0.0000000000000000D+00 -0.6084901634297393D-17  0.1370757009559960D-01
  0.0000000000000000D+00 -0.1451613227165844D-17  0.3181833813517851D-02  0.0000000000000000D+00 -0.1886056338816773D-16  0.1386421153544567D-01
  0.0000000000000000D+00 -0.1568794813689106D-17  0.3251154871195079D-02  0.0000000000000000D+00  0.3647528588247454D-17  0.1412553076665703D-01
  0.0000000000000000D+00 -0.1522325050114955D-17  0.3321782525028363D-02  0.0000000000000000D+00 -0.1414159735120773D-16  0.1445361672502933D-01
  0.0000000000000000D+00 -0.1619628337030324D-17  0.3394050608653511D-02  0.0000000000000000D+00 -0.1930591822673235D-16  0.1480196642037107D-01
  0.0000000000000000D+00 -0.1715170690980884D-17  0.3468060440755366D-02  0.0000000000000000D+00 -0.1044088884722149D-16  0.1512844357242580D-01
  0.0000000000000000D+00 -0.1780734909874518D-17  0.3543702658617495D-02  0.0000000000000000D+00 -0.3603102123992297D-17  0.1540492622466604D-01
  0.0000000000000000D+00 -0.1794578849759924D-17  0.3620727289740825D-02  0.0000000000000000D+00  0.8315519271983210D-18  0.1562147090467064D-01
  0.0000000000000000D+00 -0.1834833446787933D-17  0.3698834644264178D-02  0.0000000000000000D+00 -0.9926074946053343D-17  0.1578484780150490D-01
  0.0000000000000000D+00 -0.1871343628490364D-17  0.3777758883271702D-02  0.0000000000000000D+00 -0.1912362112243444D-16  0.1591298746881348D-01
  0.0000000000000000D+00 -0.1958688470577841D-17  0.3857323820615770D-02  0.0000000000000000D+00 -0.4148235439838507D-16  0.1602775536930923D-01
  0.0000000000000000D+00 -0.2164853846486353D-17  0.3937462597462316D-02  0.0000000000000000D+00 -0.2626593152562840D-16  0.1614843052945559D-01
  0.0000000000000000D+00 -0.2308917520508099D-17  0.4018204750109594D-02  0.0000000000000000D+00 -0.2531125400666338D-17  0.1633185684932810D-01
  0.0000000000000000D+00 -0.2316489727015990D-17  0.4099864034356235D-02  0.0000000000000000D+00 -0.1999885956256648D-16  0.1662565340998778D-01
  0.0000000000000000D+00 -0.2407018431918460D-17  0.4182992301406173D-02  0.0000000000000000D+00  0.3185827426247326D-17  0.1698753352381872D-01
  0.0000000000000000D+00 -0.2427921890014966D-17  0.4267929969025267D-02  0.0000000000000000D+00 -0.3230130502319237D-17  0.1736113295741292D-01
  0.0000000000000000D+00 -0.2489718201691156D-17  0.4354735633812331D-02  0.0000000000000000D+00 -0.3309676065097415D-17  0.1769847961059200D-01
  0.0000000000000000D+00 -0.2500173335765412D-17  0.4443228031865292D-02  0.0000000000000000D+00 -0.3029384424305493D-16  0.1797437656104253D-01
  0.0000000000000000D+00 -0.2690606830039462D-17  0.4533099914670504D-02  0.0000000000000000D+00 -0.6337192055073157D-17  0.1818789294748836D-01
  0.0000000000000000D+00 -0.2755543171570021D-17  0.4624039379407946D-02  0.0000000000000000D+00  0.1712165905878390D-17  0.1835343894505170D-01
  0.0000000000000000D+00 -0.2788393143943298D-17  0.4715806574133204D-02  0.0000000000000000D+00 -0.2029840667549329D-16  0.1848867089151963D-01
  0.0000000000000000D+00 -0.2881825579004087D-17  0.4808249928590802D-02  0.0000000000000000D+00 -0.2283422972873420D-16  0.1860642490719716D-01
  0.0000000000000000D+00 -0.2999042520408878D-17  0.4901282053126788D-02  0.0000000000000000D+00 -0.1566396673255976D-16  0.1871377398228993D-01
  0.0000000000000000D+00 -0.3089800928074294D-17  0.4994850923038238D-02  0.0000000000000000D+00 -0.1059925542848186D-16  0.1881618274566111D-01
  0.0000000000000000D+00 -0.3123906033643201D-17  0.5088931836766543D-02  0.0000000000000000D+00 -0.1035880421681325D-16  0.1892183635406498D-01
  0.0000000000000000D+00 -0.3149708533259946D-17  0.5183541018536867D-02  0.0000000000000000D+00 -0.2021361165255644D-16  0.1904200900083642D-01
  0.0000000000000000D+00 -0.3271316560369556D-17  0.5278751063541051D-02  0.0000000000000000D+00  0.1759643778858519D-16  0.1920548494347762D-01
  0.0000000000000000D+00 -0.3190597783896126D-17  0.5374778488258437D-02  0.0000000000000000D+00  0.1239092220843936D-16  0.1957366591305853D-01
  0.0000000000000000D+00 -0.3136586851651424D-17  0.5472646817823732D-02  0.0000000000000000D+00 -0.1329401462935786D-16  0.2009654030593872D-01
  0.0000000000000000D+00 -0.3273677708460736D-17  0.5573129519353424D-02  0.0000000000000000D+00 -0.1117142164757505D-16  0.2069372297554725D-01
  0.0000000000000000D+00 -0.3331605237316352D-17  0.5676598134231161D-02  0.0000000000000000D+00 -0.6515893502528004D-17  0.2127557351316637D-01
  0.0000000000000000D+00 -0.3365418739057711D-17  0.5782976001796994D-02  0.0000000000000000D+00  0.4497194375954588D-17  0.2176481857081729D-01
  0.0000000000000000D+00 -0.3325909017859607D-17  0.5891800094651079D-02  0.0000000000000000D+00  0.2434507433292828D-16  0.2211334085830867D-01
  0.0000000000000000D+00 -0.3152703263878212D-17  0.6002366798942622D-02  0.0000000000000000D+00 -0.9498102164072205D-17  0.2231064700142407D-01
  0.0000000000000000D+00 -0.3199192700574224D-17  0.6113920033949742D-02  0.0000000000000000D+00 -0.3596009148787919D-16  0.2238284513159301D-01
  0.0000000000000000D+00 -0.3395735819454855D-17  0.6225834259607708D-02  0.0000000000000000D+00  0.7074276924856036D-17  0.2238318210919598D-01
  0.0000000000000000D+00 -0.3362262492109396D-17  0.6337750170153688D-02  0.0000000000000000D+00 -0.2277571173272161D-16  0.2237696276834453D-01
  0.0000000000000000D+00 -0.3457490640788251D-17  0.6449634983995410D-02  0.0000000000000000D+00 -0.3420715953931724D-16  0.2242477397674843D-01
  0.0000000000000000D+00 -0.3603472831292099D-17  0.6561758853879152D-02  0.0000000000000000D+00 -0.3649670514195145D-16  0.2256816936870323D-01
  0.0000000000000000D+00 -0.3793023469035598D-17  0.6674599700722669D-02  0.0000000000000000D+00  0.1913332452475350D-16  0.2282121034232672D-01
  0.0000000000000000D+00 -0.3702548755171497D-17  0.6788705752434301D-02  0.0000000000000000D+00  0.4010177268773170D-17  0.2316959394890759D-01
  0.0000000000000000D+00 -0.3652975853288490D-17  0.6904553722178842D-02  0.0000000000000000D+00 -0.5736339513428369D-17  0.2357694240264194D-01
  0.0000000000000000D+00 -0.3651861915112350D-17  0.7022438434192050D-02  0.0000000000000000D+00 -0.1560278980275299D-16  0.2399585725564298D-01
  0.0000000000000000D+00 -0.3686609028620061D-17  0.7142417720470265D-02  0.0000000000000000D+00 -0.2093104242598249D-16  0.2438023296994032D-01
  0.0000000000000000D+00 -0.3751691081594055D-17  0.7264318885319965D-02  0.0000000000000000D+00 -0.2762456460139849D-16  0.2469544079288138D-01
  0.0000000000000000D+00 -0.3864315619596869D-17  0.7387796089284374D-02  0.0000000000000000D+00  0.3079696318801175D-16  0.2492418660011917D-01
  0.0000000000000000D+00 -0.3761713252625005D-17  0.7512417022284969D-02  0.0000000000000000D+00 -0.1278155196294210D-16  0.2506752810120697D-01
  0.0000000000000000D+00 -0.3887904428181586D-17  0.7637754662791004D-02  0.0000000000000000D+00  0.2831260766873849D-16  0.2514198184081219D-01
  0.0000000000000000D+00 -0.3772416938122776D-17  0.7763464571995064D-02  0.0000000000000000D+00 -0.1708041500420900D-16  0.2517435766135835D-01
  0.0000000000000000D+00 -0.3859881351159641D-17  0.7889336360301856D-02  0.0000000000000000D+00 -0.3096169950944575D-16  0.2519586780078391D-01
  0.0000000000000000D+00 -0.3977806818997827D-17  0.8015315699305775D-02  0.0000000000000000D+00  0.3482177642150007D-17  0.2523650785815199D-01
  0.0000000000000000D+00 -0.3898289935076259D-17  0.8141498238596537D-02  0.0000000000000000D+00  0.1380982631127629D-16  0.2549732442758212D-01
  0.0000000000000000D+00 -0.3853730957082423D-17  0.8268984860734446D-02  0.0000000000000000D+00  0.1300882028760178D-16  0.2597015426209487D-01
  0.0000000000000000D+00 -0.3757477780443467D-17  0.8398835632044920D-02  0.0000000000000000D+00 -0.5847794486850064D-17  0.2659245057909530D-01
  0.0000000000000000D+00 -0.3758454323058400D-17  0.8531797884940398D-02  0.0000000000000000D+00 -0.3972185430637258D-16  0.2727605108526659D-01
  0.0000000000000000D+00 -0.4052907374115006D-17  0.8668178140366731D-02  0.0000000000000000D+00 -0.3887159774065673D-17  0.2792898662413417D-01
  0.0000000000000000D+00 -0.4012368829988328D-17  0.8807823073487401D-02  0.0000000000000000D+00 -0.9174529681539368D-17  0.2847654935871190D-01
  0.0000000000000000D+00 -0.4016124621999086D-17  0.8950205820280960D-02  0.0000000000000000D+00  0.8717701079992473D-17  0.2887650883177341D-01
  0.0000000000000000D+00 -0.4025952632628196D-17  0.9094588364439828D-02  0.0000000000000000D+00 -0.1321355326856362D-16  0.2912536294142452D-01
  0.0000000000000000D+00 -0.3998378308052783D-17  0.9240215179146950D-02  0.0000000000000000D+00 -0.2088734817024321D-16  0.2925503631200328D-01
  0.0000000000000000D+00 -0.4130570526882859D-17  0.9386490360706967D-02  0.0000000000000000D+00 -0.5060067975460752D-16  0.2932177245787528D-01
  0.0000000000000000D+00 -0.4331982808513161D-17  0.9533099222996343D-02  0.0000000000000000D+00 -0.4818734425343801D-17  0.2939058296461089D-01
  0.0000000000000000D+00 -0.4270268572305944D-17  0.9680052137819396D-02  0.0000000000000000D+00 -0.1024736013387070D-16  0.2951925780823032D-01
  0.0000000000000000D+00 -0.4332131455113238D-17  0.9827648426860548D-02  0.0000000000000000D+00  0.3266460445050598D-16  0.2974560086968067D-01
  0.0000000000000000D+00 -0.4209506551912791D-17  0.9976376431208951D-02  0.0000000000000000D+00 -0.2100053477628359D-16  0.3008043079703654D-01
  0.0000000000000000D+00 -0.4260021542127544D-17  0.1012677858519414D-01  0.0000000000000000D+00 -0.4138071005108753D-16  0.3050731586448357D-01
  0.0000000000000000D+00 -0.4487513712158096D-17  0.1027931516451655D-01  0.0000000000000000D+00 -0.1217218421669170D-16  0.3098839421960577D-01
  0.0000000000000000D+00 -0.4609241861154555D-17  0.1043425713561458D-01  0.0000000000000000D+00 -0.4422996709767162D-16  0.3147434669400170D-01
  0.0000000000000000D+00 -0.4817463342741663D-17  0.1059162886908459D-01  0.0000000000000000D+00 -0.1543758675102625D-17  0.3191590217967383D-01
  0.0000000000000000D+00 -0.4856529640448599D-17  0.1075120837998296D-01  0.0000000000000000D+00 -0.1632355267355670D-16  0.3227425034403757D-01
  0.0000000000000000D+00 -0.4871144056765470D-17  0.1091257963170315D-01  0.0000000000000000D+00 -0.3165958738363793D-16  0.3252831168559058D-01
  0.0000000000000000D+00 -0.5129457111753706D-17  0.1107522119013110D-01  0.0000000000000000D+00 -0.2092195956248714D-16  0.3267773809887642D-01
  0.0000000000000000D+00 -0.5172722013965435D-17  0.1123860988062548D-01  0.0000000000000000D+00 -0.2101342278582627D-16  0.3274151699590265D-01
  0.0000000000000000D+00 -0.5165030227290894D-17  0.1140231746560500D-01  0.0000000000000000D+00 -0.3699521883929746D-16  0.3276727996221047D-01
  0.0000000000000000D+00 -0.5330547665795986D-17  0.1156615386541605D-01  0.0000000000000000D+00  0.2066011609974581D-16  0.3296529649551509D-01
  0.0000000000000000D+00 -0.5255660613638523D-17  0.1173098034789362D-01  0.0000000000000000D+00 -0.1382392306424941D-16  0.3332573683261113D-01
  0.0000000000000000D+00 -0.5243393039765864D-17  0.1189760903205668D-01  0.0000000000000000D+00 -0.2036171552186119D-16  0.3380283654787476D-01
  0.0000000000000000D+00 -0.5358443797966286D-17  0.1206662321479605D-01  0.0000000000000000D+00 -0.3104243424303627D-18  0.3433094447279002D-01
  0.0000000000000000D+00 -0.5349555672213217D-17  0.1223827793716000D-01  0.0000000000000000D+00  0.5978180173929263D-17  0.3484378763236629D-01
  0.0000000000000000D+00 -0.5293783341573832D-17  0.1241249687532183D-01  0.0000000000000000D+00 -0.1541873957901122D-16  0.3529096923081305D-01
  0.0000000000000000D+00 -0.5451497767232820D-17  0.1258895172147590D-01  0.0000000000000000D+00 -0.1337742478263778D-16  0.3564749094343875D-01
  0.0000000000000000D+00 -0.5567114493067397D-17  0.1276718917619309D-01  0.0000000000000000D+00  0.1839045587868678D-17  0.3591488178734077D-01
  0.0000000000000000D+00 -0.5510709323404422D-17  0.1294676358512980D-01  0.0000000000000000D+00 -0.3111293364586056D-16  0.3611522809524653D-01
  0.0000000000000000D+00 -0.5752130868336954D-17  0.1312733972560603D-01  0.0000000000000000D+00 -0.5974112942518558D-16  0.3628118890625594D-01
  0.0000000000000000D+00 -0.6022181385510488D-17  0.1330874567013731D-01  0.0000000000000000D+00  0.1200996676502980D-16  0.3644558287421053D-01
  0.0000000000000000D+00 -0.5892256275736537D-17  0.1349097358450836D-01  0.0000000000000000D+00 -0.1490235088457098D-16  0.3668453618811783D-01
  0.0000000000000000D+00 -0.6090126757363450D-17  0.1367439626544895D-01  0.0000000000000000D+00 -0.4553729844959557D-16  0.3706981583357143D-01
  0.0000000000000000D+00 -0.6327955827221375D-17  0.1385974534461681D-01  0.0000000000000000D+00  0.2904103127268734D-16  0.3755479874078192D-01
  0.0000000000000000D+00 -0.6189488051175329D-17  0.1404751933832072D-01  0.0000000000000000D+00 -0.3666064717977936D-17  0.3807127427153589D-01
  0.0000000000000000D+00 -0.6183026230373822D-17  0.1423787570967840D-01  0.0000000000000000D+00 -0.1274523963601582D-16  0.3855750794219925D-01
  0.0000000000000000D+00 -0.6228159687831429D-17  0.1443066324938939D-01  0.0000000000000000D+00 -0.3084506569737465D-16  0.3897739834014995D-01
  0.0000000000000000D+00 -0.6292950786615048D-17  0.1462555024109015D-01  0.0000000000000000D+00 -0.5701929907365409D-16  0.3932414337137022D-01
  0.0000000000000000D+00 -0.6601931991780291D-17  0.1482217095794700D-01  0.0000000000000000D+00  0.4001970482970880D-17  0.3961072414872695D-01
  0.0000000000000000D+00 -0.6580456905317342D-17  0.1502022457869063D-01  0.0000000000000000D+00  0.1772651810863520D-16  0.3985566801313638D-01
  0.0000000000000000D+00 -0.6479701579479053D-17  0.1521950291875631D-01  0.0000000000000000D+00 -0.5161446278547371D-17  0.4007296536137316D-01
  0.0000000000000000D+00 -0.6516223655992661D-17  0.1541986774556318D-01  0.0000000000000000D+00 -0.2250580129732636D-16  0.4027036342402896D-01
  0.0000000000000000D+00 -0.6562299885070121D-17  0.1562121956268332D-01  0.0000000000000000D+00  0.3131770280962979D-16  0.4045407434552419D-01
  0.0000000000000000D+00 -0.6458717398074075D-17  0.1582348993441094D-01  0.0000000000000000D+00 -0.4607663756302810D-17  0.4063416410768400D-01
  0.0000000000000000D+00 -0.6587117314235490D-17  0.1602666075494936D-01  0.0000000000000000D+00 -0.2633778883817368D-16  0.4082547882483905D-01
  0.0000000000000000D+00 -0.6694218775814482D-17  0.1623078814907356D-01  0.0000000000000000D+00 -0.3953822062998707D-16  0.4104291755735706D-01
  0.0000000000000000D+00 -0.7066190055890514D-17  0.1643600273686035D-01  0.0000000000000000D+00 -0.5925072647167507D-16  0.4148870815897622D-01
  0.0000000000000000D+00 -0.7436347288606036D-17  0.1664344627765523D-01  0.0000000000000000D+00 -0.1931480045926050D-16  0.4213112010183209D-01
  0.0000000000000000D+00 -0.7613039053027124D-17  0.1685410187816438D-01  0.0000000000000000D+00  0.7600355036373046D-18  0.4288338287265914D-01
  0.0000000000000000D+00 -0.7473977779470049D-17  0.1706851879252768D-01  0.0000000000000000D+00  0.8349074282629546D-17  0.4364229373092980D-01
  0.0000000000000000D+00 -0.7450353567448979D-17  0.1728673026118233D-01  0.0000000000000000D+00 -0.5000268436371598D-17  0.4431375690896398D-01
  0.0000000000000000D+00 -0.7419000439963597D-17  0.1750829904572715D-01  0.0000000000000000D+00  0.4698116331512238D-16  0.4483392036188513D-01
  0.0000000000000000D+00 -0.7237425595569994D-17  0.1773246864753657D-01  0.0000000000000000D+00  0.1368657016163623D-17  0.4518123875695496D-01
  0.0000000000000000D+00 -0.7194144676745041D-17  0.1795837484132135D-01  0.0000000000000000D+00  0.3139603136251358D-16  0.4537745461097621D-01
  0.0000000000000000D+00 -0.7101076280204188D-17  0.1818526211437623D-01  0.0000000000000000D+00  0.2053509373882102D-16  0.4547822873458165D-01
  0.0000000000000000D+00 -0.6998204032467969D-17  0.1841265325804914D-01  0.0000000000000000D+00  0.3630915537364279D-17  0.4555646018260379D-01
  0.0000000000000000D+00 -0.6937878852157877D-17  0.1864043555896216D-01  0.0000000000000000D+00 -0.4246452399512875D-16  0.4568285171071705D-01
  0.0000000000000000D+00 -0.7201484269556317D-17  0.1886884981751574D-01  0.0000000000000000D+00 -0.3249846949931092D-16  0.4590871128384113D-01
  0.0000000000000000D+00 -0.7205489924170720D-17  0.1909839337393495D-01  0.0000000000000000D+00  0.2430230616775784D-16  0.4625517274703326D-01
  0.0000000000000000D+00 -0.7155751858399802D-17  0.1932966923767012D-01  0.0000000000000000D+00 -0.7651603892312168D-16  0.4671108878513657D-01
  0.0000000000000000D+00 -0.7593095804854996D-17  0.1956322468159580D-01  0.0000000000000000D+00 -0.1004466887460675D-16  0.4723930351353492D-01
  0.0000000000000000D+00 -0.7602128634412475D-17  0.1979942119916347D-01  0.0000000000000000D+00 -0.2383594343531440D-16  0.4778865802530083D-01
  0.0000000000000000D+00 -0.7714029732904875D-17  0.2003836448928998D-01  0.0000000000000000D+00  0.3832241775999076D-16  0.4830772781372049D-01
  0.0000000000000000D+00 -0.7444303782378159D-17  0.2027990312835858D-01  0.0000000000000000D+00 -0.1494049317464511D-16  0.4875637234155811D-01
  0.0000000000000000D+00 -0.7560425509615118D-17  0.2052368499006637D-01  0.0000000000000000D+00  0.3643200494052817D-16  0.4911253467604006D-01
  0.0000000000000000D+00 -0.7385731053605079D-17  0.2076924766344657D-01  0.0000000000000000D+00  0.2971831942797420D-16  0.4937368151618528D-01
  0.0000000000000000D+00 -0.7156440498566701D-17  0.2101611607102750D-01  0.0000000000000000D+00 -0.2841446791717869D-17  0.4955396284689307D-01
  0.0000000000000000D+00 -0.7044990688320975D-17  0.2126388588526196D-01  0.0000000000000000D+00  0.4951315880217072D-16  0.4967898689196455D-01
  0.0000000000000000D+00 -0.6765349543702924D-17  0.2151228081972178D-01  0.0000000000000000D+00 -0.9507886921135851D-17  0.4977995777524670D-01
  0.0000000000000000D+00 -0.6842004828874249D-17  0.2176118060859802D-01  0.0000000000000000D+00 -0.2052604871551711D-16  0.4988820333609172D-01
  0.0000000000000000D+00 -0.7076277396829863D-17  0.2201062162527848D-01  0.0000000000000000D+00 -0.3241243179433111D-16  0.5018780524947371D-01
  0.0000000000000000D+00 -0.7285709363861992D-17  0.2226156065152585D-01  0.0000000000000000D+00 -0.5482606726121992D-17  0.5074456439163162D-01
  0.0000000000000000D+00 -0.7282876345005808D-17  0.2251528347348400D-01  0.0000000000000000D+00 -0.3121880456982007D-16  0.5149436884929965D-01
  0.0000000000000000D+00 -0.7489700349881352D-17  0.2277275531773050D-01  0.0000000000000000D+00  0.1792074155414707D-16  0.5233773760767865D-01
  0.0000000000000000D+00 -0.7361567162080614D-17  0.2303444400576889D-01  0.0000000000000000D+00  0.2468875280325694D-16  0.5316501702234831D-01
  0.0000000000000000D+00 -0.7192961587851941D-17  0.2330026909088064D-01  0.0000000000000000D+00 -0.2867407562386159D-16  0.5388225286817679D-01
  0.0000000000000000D+00 -0.7378582496675389D-17  0.2356968035522152D-01  0.0000000000000000D+00 -0.4738595749745275D-16  0.5443123163603567D-01
  0.0000000000000000D+00 -0.7493515625451578D-17  0.2384183651340169D-01  0.0000000000000000D+00 -0.2370389856314405D-16  0.5479930876463447D-01
  0.0000000000000000D+00 -0.7809030557132204D-17  0.2411583305722487D-01  0.0000000000000000D+00 -0.3487681359979826D-17  0.5501763198775776D-01
  0.0000000000000000D+00 -0.7976809879950474D-17  0.2439092121716366D-01  0.0000000000000000D+00 -0.4348247083688582D-16  0.5514932900407674D-01
  0.0000000000000000D+00 -0.8136393642957729D-17  0.2466666786218404D-01  0.0000000000000000D+00 -0.6117761925749865D-17  0.5527144184391355D-01
  0.0000000000000000D+00 -0.8155333005862154D-17  0.2494302507140361D-01  0.0000000000000000D+00 -0.2735515004796283D-16  0.5545544490284711D-01
  0.0000000000000000D+00 -0.8417168574919101D-17  0.2522030229591785D-01  0.0000000000000000D+00 -0.1850232109034175D-16  0.5575099324836118D-01
  0.0000000000000000D+00 -0.8348382812282973D-17  0.2549905726215965D-01  0.0000000000000000D+00 -0.3370407387420029D-16  0.5617630461906831D-01
  0.0000000000000000D+00 -0.8660367599575701D-17  0.2577993878525499D-01  0.0000000000000000D+00 -0.1668722090008942D-16  0.5671668037527425D-01
  0.0000000000000000D+00 -0.8650217138466254D-17  0.2606352218713136D-01  0.0000000000000000D+00 -0.6747466442703144D-17  0.5733062724034447D-01
  0.0000000000000000D+00 -0.8587194943303129D-17  0.2635017532333309D-01  0.0000000000000000D+00  0.3989774037256309D-16  0.5796135672091956D-01
  0.0000000000000000D+00 -0.8315345468077828D-17  0.2663998210693768D-01  0.0000000000000000D+00 -0.1785586989943367D-16  0.5855048382897730D-01
  0.0000000000000000D+00 -0.8153942129947886D-17  0.2693273452608257D-01  0.0000000000000000D+00  0.2212321767188772D-18  0.5905066412813689D-01
  0.0000000000000000D+00 -0.8279504759867889D-17  0.2722798784672325D-01  0.0000000000000000D+00 -0.2150309877107398D-16  0.5943458988906463D-01
  0.0000000000000000D+00 -0.8466910403919125D-17  0.2752516079616858D-01  0.0000000000000000D+00 -0.5635629795624762D-16  0.5969891614950550D-01
  0.0000000000000000D+00 -0.8741095795869655D-17  0.2782365537691611D-01  0.0000000000000000D+00  0.3253744808513157D-16  0.5986294355402479D-01
  0.0000000000000000D+00 -0.8441910767669691D-17  0.2812297009468623D-01  0.0000000000000000D+00 -0.6216938554348793D-16  0.5996294277155582D-01
  0.0000000000000000D+00 -0.8909730931375280D-17  0.2842278480854401D-01  0.0000000000000000D+00 -0.1049544427727599D-16  0.6021977153294936D-01
  0.0000000000000000D+00 -0.8732303151455462D-17  0.2872388366620876D-01  0.0000000000000000D+00  0.8500450824699537D-16  0.6066444546103465D-01
  0.0000000000000000D+00 -0.8361252869915060D-17  0.2902720589351393D-01  0.0000000000000000D+00 -0.5946215338664516D-16  0.6125504263691649D-01
  0.0000000000000000D+00 -0.8738860594116052D-17  0.2933348110669851D-01  0.0000000000000000D+00 -0.1801479014016750D-16  0.6192274776171294D-01
  0.0000000000000000D+00 -0.8790436322802921D-17  0.2964309484550708D-01  0.0000000000000000D+00 -0.4122816931150543D-16  0.6259247272045207D-01
  0.0000000000000000D+00 -0.8978417660361967D-17  0.2995605720910934D-01  0.0000000000000000D+00 -0.6029361352786862D-16  0.6320207799250013D-01
  0.0000000000000000D+00 -0.9354914555049598D-17  0.3027206759907184D-01  0.0000000000000000D+00 -0.2543250771887334D-16  0.6371505751181231D-01
  0.0000000000000000D+00 -0.9436958516116563D-17  0.3059064288663090D-01  0.0000000000000000D+00  0.4823344861286997D-16  0.6412434186454943D-01
  0.0000000000000000D+00 -0.9169785217775981D-17  0.3091126459595364D-01  0.0000000000000000D+00  0.2955274422343586D-17  0.6444786495262700D-01
  0.0000000000000000D+00 -0.8944469692839220D-17  0.3123350392071678D-01  0.0000000000000000D+00  0.6661351424172836D-17  0.6471874927665613D-01
  0.0000000000000000D+00 -0.8932902226976523D-17  0.3155709766710006D-01  0.0000000000000000D+00 -0.3359144570657827D-16  0.6497388033756203D-01
  0.0000000000000000D+00 -0.8981945983771331D-17  0.3188196706878788D-01  0.0000000000000000D+00 -0.3654989108976056D-16  0.6524426053462683D-01
  0.0000000000000000D+00 -0.9126742165735968D-17  0.3220818837146101D-01  0.0000000000000000D+00 -0.2819347343314539D-17  0.6568661656459804D-01
  0.0000000000000000D+00 -0.9239210929500806D-17  0.3253662145428399D-01  0.0000000000000000D+00 -0.2111109656252403D-16  0.6627734034107061D-01
  0.0000000000000000D+00 -0.9264141314807871D-17  0.3286800815598935D-01  0.0000000000000000D+00  0.4477672306059467D-16  0.6693985278231188D-01
  0.0000000000000000D+00 -0.8999642718798799D-17  0.3320270741990090D-01  0.0000000000000000D+00 -0.2058913509652354D-16  0.6759078395748974D-01
  0.0000000000000000D+00 -0.9191957799547781D-17  0.3354066133968836D-01  0.0000000000000000D+00  0.1489405260392779D-16  0.6817033434846631D-01
  0.0000000000000000D+00 -0.8909930722362752D-17  0.3388151301143069D-01  0.0000000000000000D+00  0.1180891424293621D-16  0.6865569417562672D-01
  0.0000000000000000D+00 -0.8927637102903843D-17  0.3422479148230882D-01  0.0000000000000000D+00  0.4567897135698472D-16  0.6905542817356800D-01
  0.0000000000000000D+00 -0.8416619960729418D-17  0.3457006862317666D-01  0.0000000000000000D+00 -0.1073394413001517D-16  0.6939275588150692D-01
  0.0000000000000000D+00 -0.8432228849465935D-17  0.3491703240258419D-01  0.0000000000000000D+00  0.3822674621499404D-16  0.6968960116144615D-01
  0.0000000000000000D+00 -0.8516222319604136D-17  0.3526548040839142D-01  0.0000000000000000D+00 -0.2797542998353259D-16  0.6995984057446281D-01
  0.0000000000000000D+00 -0.8677599022483636D-17  0.3561527961126374D-01  0.0000000000000000D+00 -0.1996976583297671D-16  0.7021251599215934D-01
  0.0000000000000000D+00 -0.8847556425027818D-17  0.3596634219122453D-01  0.0000000000000000D+00 -0.5030076726054095D-16  0.7045132399394412D-01
  0.0000000000000000D+00 -0.9266160743511673D-17  0.3631859881119426D-01  0.0000000000000000D+00 -0.3686614119803718D-16  0.7069553790973379D-01
  0.0000000000000000D+00 -0.9353018907999767D-17  0.3667207650074293D-01  0.0000000000000000D+00  0.4646597948721908D-16  0.7096811926702493D-01
  0.0000000000000000D+00 -0.8978618444898633D-17  0.3702691709707805D-01  0.0000000000000000D+00 -0.7024415956882443D-17  0.7149132022289240D-01
  0.0000000000000000D+00 -0.8939310563088925D-17  0.3738437369819252D-01  0.0000000000000000D+00 -0.4660861815296608D-16  0.7225946662670134D-01
  0.0000000000000000D+00 -0.9192302736142991D-17  0.3774567103132602D-01  0.0000000000000000D+00 -0.2350721239148480D-16  0.7317531885446182D-01
  0.0000000000000000D+00 -0.9180352635208078D-17  0.3811154762559832D-01  0.0000000000000000D+00 -0.3374004386781418D-16  0.7411782872212802D-01
  0.0000000000000000D+00 -0.9533934051147939D-17  0.3848213676920897D-01  0.0000000000000000D+00 -0.7184515938439183D-17  0.7497205121113781D-01
  0.0000000000000000D+00 -0.9635807482793090D-17  0.3885699702526467D-01  0.0000000000000000D+00 -0.2838911398027855D-16  0.7565486438174299D-01
  0.0000000000000000D+00 -0.9190898964791307D-17  0.3923527134717337D-01  0.0000000000000000D+00 -0.7496718682574059D-16  0.7613100135081294D-01
  0.0000000000000000D+00 -0.9545072163622990D-17  0.3961592635392744D-01  0.0000000000000000D+00  0.2116073407731555D-16  0.7641675679018153D-01
  0.0000000000000000D+00 -0.9278896355702204D-17  0.3999801013787835D-01  0.0000000000000000D+00 -0.3409531996776343D-16  0.7657159931932575D-01
  0.0000000000000000D+00 -0.9706987387901588D-17  0.4038086813447497D-01  0.0000000000000000D+00 -0.8174240649306402D-17  0.7668041863972143D-01
  0.0000000000000000D+00 -0.9816815485494260D-17  0.4076427022767358D-01  0.0000000000000000D+00 -0.2828330626859589D-16  0.7683103513115415D-01
  0.0000000000000000D+00 -0.9988038601993700D-17  0.4114842540332936D-01  0.0000000000000000D+00 -0.5212633905197805D-16  0.7709259535332078D-01
  0.0000000000000000D+00 -0.1027566905220375D-16  0.4153388838009596D-01  0.0000000000000000D+00  0.7961137832374126D-17  0.7750019565468909D-01
  0.0000000000000000D+00 -0.1033481966394443D-16  0.4192138935836941D-01  0.0000000000000000D+00 -0.1439922519024527D-16  0.7804934190821849D-01
  0.0000000000000000D+00 -0.1034045679104325D-16  0.4231163606791050D-01  0.0000000000000000D+00  0.7321638888098910D-17  0.7866982676810387D-01
  0.0000000000000000D+00 -0.1019122610223926D-16  0.4270498520175101D-01  0.0000000000000000D+00  0.3047989565978707D-16  0.7929582852519788D-01
  0.0000000000000000D+00 -0.1013287576278587D-16  0.4310146434437701D-01  0.0000000000000000D+00  0.1567616987924872D-16  0.7987461617733239D-01
  0.0000000000000000D+00 -0.1018365527791894D-16  0.4350083742526367D-01  0.0000000000000000D+00 -0.1395571947902044D-16  0.8036771909993576D-01
  0.0000000000000000D+00 -0.1022363707734525D-16  0.4390267602076335D-01  0.0000000000000000D+00  0.1403794426706672D-16  0.8075772641907403D-01
  0.0000000000000000D+00 -0.1034751522430661D-16  0.4430646465285872D-01  0.0000000000000000D+00 -0.5404842712148424D-17  0.8104841897675095D-01
  0.0000000000000000D+00 -0.1048184540619448D-16  0.4471170674774247D-01  0.0000000000000000D+00 -0.3054709560606783D-16  0.8125983364991875D-01
  0.0000000000000000D+00 -0.1057823319476382D-16  0.4511800591599206D-01  0.0000000000000000D+00  0.8364240816087604D-17  0.8142105966349127D-01
  0.0000000000000000D+00 -0.1067673771725599D-16  0.4552511121430952D-01  0.0000000000000000D+00  0.1054582049938079D-17  0.8156335129442044D-01
  0.0000000000000000D+00 -0.1072264626737835D-16  0.4593292797078162D-01  0.0000000000000000D+00  0.2356242478852253D-16  0.8171495724159565D-01
  0.0000000000000000D+00 -0.1079805276580791D-16  0.4634150275698960D-01  0.0000000000000000D+00 -0.4052778461403334D-17  0.8198860454381256D-01
  0.0000000000000000D+00 -0.1097174532945853D-16  0.4675144577970866D-01  0.0000000000000000D+00 -0.6444111009480528D-16  0.8255454497281761D-01
  0.0000000000000000D+00 -0.1145166076325504D-16  0.4716421850457275D-01  0.0000000000000000D+00 -0.2455204332317608D-16  0.8335102397200247D-01
  0.0000000000000000D+00 -0.1172724435274383D-16  0.4758097362443277D-01  0.0000000000000000D+00 -0.1933509994885714D-16  0.8427211614455044D-01
  0.0000000000000000D+00 -0.1177713644913731D-16  0.4800233420515551D-01  0.0000000000000000D+00 -0.3180844501245033D-16  0.8519509099382715D-01
  0.0000000000000000D+00 -0.1182337507701095D-16  0.4842830966012465D-01  0.0000000000000000D+00 -0.4706098911341919D-16  0.8601010667999653D-01
  0.0000000000000000D+00 -0.1177470570620444D-16  0.4885836019352463D-01  0.0000000000000000D+00 -0.2736362529091475D-16  0.8664450625384801D-01
  0.0000000000000000D+00 -0.1158576861727442D-16  0.4929158272479387D-01  0.0000000000000000D+00 -0.1640668160895011D-16  0.8707612421415729D-01
  0.0000000000000000D+00 -0.1198175643167261D-16  0.4972696334586466D-01  0.0000000000000000D+00  0.5182085765924655D-16  0.8733336884682269D-01
  0.0000000000000000D+00 -0.1168750420284078D-16  0.5016363019009878D-01  0.0000000000000000D+00 -0.7637521043856485D-17  0.8748334769380507D-01
  0.0000000000000000D+00 -0.1168399810108034D-16  0.5060104692856780D-01  0.0000000000000000D+00 -0.4348413632795199D-16  0.8761204248282425D-01
  0.0000000000000000D+00 -0.1215852119818052D-16  0.5103910714098192D-01  0.0000000000000000D+00 -0.7310842597235120D-17  0.8780197919853666D-01
  0.0000000000000000D+00 -0.1214112570584583D-16  0.5147811703697461D-01  0.0000000000000000D+00 -0.1072710985097068D-16  0.8811284144628592D-01
  0.0000000000000000D+00 -0.1190901296526831D-16  0.5191868124420604D-01  0.0000000000000000D+00 -0.8597073153600527D-17  0.8856923157310465D-01
  0.0000000000000000D+00 -0.1196566294872445D-16  0.5236152740207156D-01  0.0000000000000000D+00  0.1572259461438290D-16  0.8915771193701055D-01
  0.0000000000000000D+00 -0.1220638816763287D-16  0.5280731596175661D-01  0.0000000000000000D+00 -0.7568038779425544D-16  0.8983290280314021D-01
  0.0000000000000000D+00 -0.1243536286183834D-16  0.5325648047577232D-01  0.0000000000000000D+00  0.5763751595302185D-16  0.9053033887671914D-01
  0.0000000000000000D+00 -0.1231668169090051D-16  0.5370913217015590D-01  0.0000000000000000D+00  0.3861345002918016D-17  0.9118245979221713D-01
  0.0000000000000000D+00 -0.1218950439149288D-16  0.5416504446911699D-01  0.0000000000000000D+00  0.3893096093078587D-16  0.9173378415894937D-01
  0.0000000000000000D+00 -0.1179032928315132D-16  0.5462371338991175D-01  0.0000000000000000D+00 -0.2630732227850885D-16  0.9215196656485755D-01
  0.0000000000000000D+00 -0.1182299154972216D-16  0.5508447322273603D-01  0.0000000000000000D+00  0.6195106685800538D-17  0.9243277877188114D-01
  0.0000000000000000D+00 -0.1226173198508103D-16  0.5554663711659542D-01  0.0000000000000000D+00 -0.5547161709602110D-16  0.9259865619443457D-01
  0.0000000000000000D+00 -0.1266909711179389D-16  0.5600963039756761D-01  0.0000000000000000D+00  0.2566849755100301D-16  0.9269187575312035D-01
  0.0000000000000000D+00 -0.1270347536252871D-16  0.5647308977633320D-01  0.0000000000000000D+00 -0.6652189315370880D-16  0.9288430605758222D-01
  0.0000000000000000D+00 -0.1310059952587161D-16  0.5693751130662111D-01  0.0000000000000000D+00  0.6811431888513077D-17  0.9324685761612259D-01
  0.0000000000000000D+00 -0.1288278131050035D-16  0.5740374559470172D-01  0.0000000000000000D+00 -0.6291116427511624D-16  0.9375298441509822D-01
  0.0000000000000000D+00 -0.1324747997032685D-16  0.5787251051677721D-01  0.0000000000000000D+00  0.3651303464950105D-16  0.9434729710979303D-01
  0.0000000000000000D+00 -0.1272481790388245D-16  0.5834424700232618D-01  0.0000000000000000D+00  0.2104608743587543D-17  0.9496411533494312D-01
  0.0000000000000000D+00 -0.1275910479189248D-16  0.5881906757900091D-01  0.0000000000000000D+00  0.2866463130256475D-16  0.9554546175365389D-01
  0.0000000000000000D+00 -0.1244223769695413D-16  0.5929679488776916D-01  0.0000000000000000D+00  0.2143592912460807D-16  0.9605341115879962D-01
  0.0000000000000000D+00 -0.1260282145733273D-16  0.5977706194356316D-01  0.0000000000000000D+00 -0.6473521357118862D-16  0.9647442621356311D-01
  0.0000000000000000D+00 -0.1298227034757195D-16  0.6025943407463100D-01  0.0000000000000000D+00 -0.1677779919211886D-16  0.9681625060808109D-01
  0.0000000000000000D+00 -0.1326051776921756D-16  0.6074351532767140D-01  0.0000000000000000D+00 -0.1664149100929259D-16  0.9710006547794084D-01
  0.0000000000000000D+00 -0.1345583756688738D-16  0.6122901565506111D-01  0.0000000000000000D+00  0.1499324626042811D-16  0.9735141657778079D-01
  0.0000000000000000D+00 -0.1335544902848768D-16  0.6171577273795000D-01  0.0000000000000000D+00 -0.3620691849677823D-17  0.9759291594310383D-01
  0.0000000000000000D+00 -0.1321131375650346D-16  0.6220373731766551D-01  0.0000000000000000D+00 -0.5882504322319302D-16  0.9794425943732421D-01
  0.0000000000000000D+00 -0.1323749165247015D-16  0.6269345861485215D-01  0.0000000000000000D+00 -0.1296748456279403D-15  0.9844173632551860D-01
  0.0000000000000000D+00 -0.1360002950177678D-16  0.6318566729647973D-01  0.0000000000000000D+00 -0.1571813805102874D-16  0.9901854228594736D-01
  0.0000000000000000D+00 -0.1401555910445688D-16  0.6368076000790947D-01  0.0000000000000000D+00  0.3670473248278961D-17  0.9959525180722668D-01
  0.0000000000000000D+00 -0.1399635015767107D-16  0.6417873626694562D-01  0.0000000000000000D+00 -0.3443081000778300D-16  0.1001123449142851D+00
  0.0000000000000000D+00 -0.1425561288090103D-16  0.6467929799151703D-01  0.0000000000000000D+00  0.4025933600233620D-16  0.1005471515113882D+00
  0.0000000000000000D+00 -0.1426754593845069D-16  0.6518203374907397D-01  0.0000000000000000D+00  0.5660114481962996D-16  0.1009102668099365D+00
  0.0000000000000000D+00 -0.1382376976885715D-16  0.6568658508312365D-01  0.0000000000000000D+00  0.5498554995087216D-16  0.1012278899376634D+00
  0.0000000000000000D+00 -0.1372880795597880D-16  0.6619272453281197D-01  0.0000000000000000D+00 -0.1536257313359726D-16  0.1015227019069749D+00
  0.0000000000000000D+00 -0.1421487143876233D-16  0.6670033804234685D-01  0.0000000000000000D+00  0.2077048059037444D-16  0.1018040501453428D+00
  0.0000000000000000D+00 -0.1393521861779660D-16  0.6720935829307356D-01  0.0000000000000000D+00  0.2529734524769718D-16  0.1020705422039041D+00
  0.0000000000000000D+00 -0.1391394991048400D-16  0.6771971100409309D-01  0.0000000000000000D+00  0.3205338367923484D-16  0.1023200055132339D+00
  0.0000000000000000D+00 -0.1373848963694843D-16  0.6823131103165925D-01  0.0000000000000000D+00 -0.1035681731631216D-17  0.1025580809743789D+00
  0.0000000000000000D+00 -0.1375623588538140D-16  0.6874410143653113D-01  0.0000000000000000D+00  0.1276523522510513D-16  0.1027991006019609D+00
  0.0000000000000000D+00 -0.1395837291693714D-16  0.6925809693954096D-01  0.0000000000000000D+00 -0.6818485410863030D-16  0.1031590888751295D+00
  0.0000000000000000D+00 -0.1409322191871921D-16  0.6977389238391660D-01  0.0000000000000000D+00  0.4679151850552401D-16  0.1037987677039237D+00
  0.0000000000000000D+00 -0.1387040925397314D-16  0.7029288622243621D-01  0.0000000000000000D+00 -0.2875913993693960D-16  0.1046387206653351D+00
  0.0000000000000000D+00 -0.1416566820793518D-16  0.7081607982576288D-01  0.0000000000000000D+00  0.1413860689479752D-16  0.1055619500802900D+00
  0.0000000000000000D+00 -0.1427472195694106D-16  0.7134388957616433D-01  0.0000000000000000D+00 -0.7927364979450505D-16  0.1064442659382745D+00
  0.0000000000000000D+00 -0.1458049090106811D-16  0.7187611090585572D-01  0.0000000000000000D+00 -0.8653151190227149D-16  0.1071837177065352D+00
  0.0000000000000000D+00 -0.1526665847416547D-16  0.7241202949438838D-01  0.0000000000000000D+00 -0.7211793951599495D-16  0.1077106992068367D+00
  0.0000000000000000D+00 -0.1550847263177192D-16  0.7295058299042256D-01  0.0000000000000000D+00 -0.2897103235334125D-16  0.1079909667374160D+00
  0.0000000000000000D+00 -0.1573697132049491D-16  0.7349053782410966D-01  0.0000000000000000D+00  0.4399934080838767D-16  0.1080778877494186D+00
  0.0000000000000000D+00 -0.1538251576132339D-16  0.7403092726285673D-01  0.0000000000000000D+00  0.1335881184677018D-16  0.1080634656837124D+00
  0.0000000000000000D+00 -0.1556888643810167D-16  0.7457124459127532D-01  0.0000000000000000D+00  0.5036868220370397D-17  0.1080532590581988D+00
  0.0000000000000000D+00 -0.1573922625750122D-16  0.7511151088656631D-01  0.0000000000000000D+00 -0.4728289170082510D-16  0.1081399078744310D+00
  0.0000000000000000D+00 -0.1642048221613419D-16  0.7565221042593845D-01  0.0000000000000000D+00  0.1836648921878236D-16  0.1083818361863737D+00
  0.0000000000000000D+00 -0.1639677646747432D-16  0.7619411960687034D-01  0.0000000000000000D+00 -0.3814447896325615D-16  0.1087921816711868D+00
  0.0000000000000000D+00 -0.1708688881967619D-16  0.7673808051522626D-01  0.0000000000000000D+00  0.4421662108266918D-16  0.1093400624443141D+00
  0.0000000000000000D+00 -0.1673622611603291D-16  0.7728478082744783D-01  0.0000000000000000D+00  0.3980232484515326D-16  0.1099627417062765D+00
  0.0000000000000000D+00 -0.1657089692629159D-16  0.7783459453597921D-01  0.0000000000000000D+00  0.8911315280376925D-17  0.1105842685133931D+00
  0.0000000000000000D+00 -0.1634632245238686D-16  0.7838751587854617D-01  0.0000000000000000D+00 -0.7724254022111730D-16  0.1111348042910323D+00
  0.0000000000000000D+00 -0.1668818737964846D-16  0.7894318990000135D-01  0.0000000000000000D+00  0.9506863638440579D-20  0.1115654963565652D+00
  0.0000000000000000D+00 -0.1662759712104628D-16  0.7950101738178417D-01  0.0000000000000000D+00 -0.4645358088630769D-16  0.1118559851047093D+00
  0.0000000000000000D+00 -0.1698767023317854D-16  0.8006029730730771D-01  0.0000000000000000D+00 -0.4503830965778666D-17  0.1120143602092820D+00
  0.0000000000000000D+00 -0.1727713610762632D-16  0.8062036910835410D-01  0.0000000000000000D+00 -0.9033073298135116D-16  0.1120714713017935D+00
  0.0000000000000000D+00 -0.1799432774606396D-16  0.8118072646486307D-01  0.0000000000000000D+00 -0.3811146402779593D-16  0.1120722961816794D+00
  0.0000000000000000D+00 -0.1787423576520887D-16  0.8174108794577148D-01  0.0000000000000000D+00  0.5873172755730934D-16  0.1120666615106575D+00
  0.0000000000000000D+00 -0.1759557517753745D-16  0.8230142125332476D-01  0.0000000000000000D+00 -0.3825028453998242D-16  0.1121649661931626D+00
  0.0000000000000000D+00 -0.1745417909330537D-16  0.8286224608429059D-01  0.0000000000000000D+00  0.3807089221247227D-16  0.1125975852081531D+00
  0.0000000000000000D+00 -0.1689955260420186D-16  0.8342523401033136D-01  0.0000000000000000D+00 -0.2140495233845390D-16  0.1133200660464178D+00
  0.0000000000000000D+00 -0.1717615969332219D-16  0.8399183434056345D-01  0.0000000000000000D+00 -0.1480235030793066D-16  0.1142308552099516D+00
  0.0000000000000000D+00 -0.1717053738491796D-16  0.8456298861661318D-01  0.0000000000000000D+00 -0.6951728363566965D-17  0.1151979924361946D+00
  0.0000000000000000D+00 -0.1721027024135790D-16  0.8513897857879418D-01  0.0000000000000000D+00 -0.3054050930669803D-16  0.1160912696566663D+00
  0.0000000000000000D+00 -0.1700018715200402D-16  0.8571943492707750D-01  0.0000000000000000D+00 -0.9292497705883476D-17  0.1168113705251577D+00
  0.0000000000000000D+00 -0.1731863515675939D-16  0.8630349177970328D-01  0.0000000000000000D+00  0.2245366143222652D-16  0.1173091469333426D+00
  0.0000000000000000D+00 -0.1753743078951022D-16  0.8689003751436999D-01  0.0000000000000000D+00 -0.3000617018390214D-16  0.1175913993157477D+00
  0.0000000000000000D+00 -0.1743555092392603D-16  0.8747799451094873D-01  0.0000000000000000D+00 -0.7315850767297401D-16  0.1177132129134104D+00
  0.0000000000000000D+00 -0.1753018811637415D-16  0.8806656057551579D-01  0.0000000000000000D+00  0.4186491255070838D-18  0.1177600668657407D+00
  0.0000000000000000D+00 -0.1744572211875997D-16  0.8865536090984449D-01  0.0000000000000000D+00 -0.7229165275455251D-18  0.1178249167663074D+00
  0.0000000000000000D+00 -0.1751310099063989D-16  0.8924448549367603D-01  0.0000000000000000D+00  0.5230159461528371D-17  0.1179859918621259D+00
  0.0000000000000000D+00 -0.1740068520173342D-16  0.8983441545298665D-01  0.0000000000000000D+00 -0.5942531151282927D-16  0.1182902325686616D+00
  0.0000000000000000D+00 -0.1717363772855447D-16  0.9042586661582999D-01  0.0000000000000000D+00 -0.5465780817468950D-16  0.1187454713623133D+00
  0.0000000000000000D+00 -0.1852877192527155D-16  0.9101959397264155D-01  0.0000000000000000D+00  0.1329125158439288D-17  0.1193221464556500D+00
  0.0000000000000000D+00 -0.1844716677183694D-16  0.9161620470491978D-01  0.0000000000000000D+00 -0.2968532452919084D-16  0.1199631090275868D+00
  0.0000000000000000D+00 -0.1879975066029604D-16  0.9221602025005773D-01  0.0000000000000000D+00  0.7249943939324729D-16  0.1205672861598324D+00
  0.0000000000000000D+00 -0.1895824871086246D-16  0.9281885668085688D-01  0.0000000000000000D+00 -0.1508944345855320D-16  0.1210625713980678D+00
  0.0000000000000000D+00 -0.1909564291065440D-16  0.9342416953784723D-01  0.0000000000000000D+00  0.2905096562480520D-16  0.1214113664609747D+00
  0.0000000000000000D+00 -0.1906750672760614D-16  0.9403122637015210D-01  0.0000000000000000D+00 -0.8305654288765291D-16  0.1216051869382043D+00
  0.0000000000000000D+00 -0.1945866797537413D-16  0.9463925230484313D-01  0.0000000000000000D+00  0.3651768287815140D-17  0.1216641457560230D+00
  0.0000000000000000D+00 -0.1909872341586570D-16  0.9524757303362323D-01  0.0000000000000000D+00  0.9290218592051584D-16  0.1216306493784654D+00
  0.0000000000000000D+00 -0.1855622252647274D-16  0.9585572628051556D-01  0.0000000000000000D+00 -0.7587923511077191D-17  0.1216997612572934D+00
  0.0000000000000000D+00 -0.1831819741302718D-16  0.9646422508680202D-01  0.0000000000000000D+00  0.7248688514279878D-16  0.1220087525146456D+00
  0.0000000000000000D+00 -0.1737979743625653D-16  0.9707426884937526D-01  0.0000000000000000D+00 -0.2305169985483160D-16  0.1225176912605637D+00
  0.0000000000000000D+00 -0.1739345721491769D-16  0.9768685730567808D-01  0.0000000000000000D+00  0.4152499385008253D-16  0.1231461049960032D+00
  0.0000000000000000D+00 -0.1719568157506174D-16  0.9830258783065809D-01  0.0000000000000000D+00 -0.3396199342913381D-16  0.1237982511824859D+00
  0.0000000000000000D+00 -0.1730178645341399D-16  0.9892157908657051D-01  0.0000000000000000D+00  0.1759862595295608D-16  0.1243889433602920D+00
  0.0000000000000000D+00 -0.1727298764615530D-16  0.9954352380337197D-01  0.0000000000000000D+00 -0.5828733664283293D-16  0.1248626482628652D+00
  0.0000000000000000D+00 -0.1770440663237172D-16  0.1001678370446863D+00  0.0000000000000000D+00  0.6969286811325140D-17  0.1252017104538403D+00
  0.0000000000000000D+00 -0.1802563174080423D-16  0.1007938455969555D+00  0.0000000000000000D+00 -0.1941377647882215D-18  0.1254234098619740D+00
  0.0000000000000000D+00 -0.1846552774822454D-16  0.1014209626462654D+00  0.0000000000000000D+00 -0.7225990564934427D-16  0.1255687674327942D+00
  0.0000000000000000D+00 -0.1895622890096114D-16  0.1020488064834293D+00  0.0000000000000000D+00 -0.6195906343059559D-16  0.1256877303926853D+00
  0.0000000000000000D+00 -0.1941639497890198D-16  0.1026772451353928D+00  0.0000000000000000D+00 -0.2297610752198361D-16  0.1258253891786486D+00
  0.0000000000000000D+00 -0.1966807300011524D-16  0.1033063720812860D+00  0.0000000000000000D+00  0.4379262473080123D-16  0.1261186735164328D+00
  0.0000000000000000D+00 -0.1974062484091016D-16  0.1039369654488682D+00  0.0000000000000000D+00  0.1485375711089402D-16  0.1266194482970732D+00
  0.0000000000000000D+00 -0.1927753902404121D-16  0.1045700626903535D+00  0.0000000000000000D+00 -0.3851522266195919D-16  0.1272486834619324D+00
  0.0000000000000000D+00 -0.1937594163873423D-16  0.1052063061076632D+00  0.0000000000000000D+00 -0.5257839903304586D-16  0.1279038668954558D+00
  0.0000000000000000D+00 -0.1950783433132615D-16  0.1058458254421405D+00  0.0000000000000000D+00 -0.5499043324834343D-17  0.1284983896559819D+00
  0.0000000000000000D+00 -0.1999376192868348D-16  0.1064883173904204D+00  0.0000000000000000D+00  0.5986639896396112D-16  0.1289854545230353D+00
  0.0000000000000000D+00 -0.1865839263387194D-16  0.1071332446630356D+00  0.0000000000000000D+00  0.7822564721637707D-17  0.1293595644766838D+00
  0.0000000000000000D+00 -0.1842872551209346D-16  0.1077800424854190D+00  0.0000000000000000D+00 -0.6235033971653568D-16  0.1296411128839295D+00
  0.0000000000000000D+00 -0.1794189622780217D-16  0.1084282480498386D+00  0.0000000000000000D+00  0.1076074094339877D-16  0.1298568800692204D+00
  0.0000000000000000D+00 -0.1796633024210039D-16  0.1090775324501847D+00  0.0000000000000000D+00  0.1986035357470699D-16  0.1300280639550337D+00
  0.0000000000000000D+00 -0.1746213518020400D-16  0.1097276727699599D+00  0.0000000000000000D+00 -0.3055086632635007D-16  0.1301698819935314D+00
  0.0000000000000000D+00 -0.1773709447740659D-16  0.1103785221799276D+00  0.0000000000000000D+00 -0.5817911261180590D-16  0.1302983202814814D+00
  0.0000000000000000D+00 -0.1828152123982562D-16  0.1110300137813350D+00  0.0000000000000000D+00 -0.1289636893594522D-16  0.1304355796074116D+00
  0.0000000000000000D+00 -0.1825375737230869D-16  0.1116821916793720D+00  0.0000000000000000D+00 -0.2299913778195354D-17  0.1306080582214576D+00
  0.0000000000000000D+00 -0.1848424931932332D-16  0.1123352319704793D+00  0.0000000000000000D+00  0.4190742009944754D-16  0.1308491604975454D+00
  0.0000000000000000D+00 -0.1796117913367164D-16  0.1129894777729670D+00  0.0000000000000000D+00  0.2851158051917788D-16  0.1313783250259321D+00
  0.0000000000000000D+00 -0.1790152164607209D-16  0.1136463693980967D+00  0.0000000000000000D+00  0.2050748397391219D-18  0.1321275831457819D+00
  0.0000000000000000D+00 -0.1775585769762677D-16  0.1143070073138256D+00  0.0000000000000000D+00  0.4398115565215698D-16  0.1329833256171328D+00
  0.0000000000000000D+00 -0.1710299302402282D-16  0.1149719239419113D+00  0.0000000000000000D+00 -0.5040916345769161D-16  0.1338168289302257D+00
  0.0000000000000000D+00 -0.1760638549894830D-16  0.1156410080865624D+00  0.0000000000000000D+00 -0.3808020707342813D-16  0.1345160806691178D+00
  0.0000000000000000D+00 -0.1817345176981252D-16  0.1163135884899080D+00  0.0000000000000000D+00 -0.1878306245185037D-17  0.1350108381726414D+00
  0.0000000000000000D+00 -0.1849489310773803D-16  0.1169886426807712D+00  0.0000000000000000D+00 -0.2643981542114854D-16  0.1352854613356835D+00
  0.0000000000000000D+00 -0.1849892936711233D-16  0.1176650699874496D+00  0.0000000000000000D+00 -0.1733890088822325D-16  0.1353775370305770D+00
  0.0000000000000000D+00 -0.1856924973192362D-16  0.1183419576726025D+00  0.0000000000000000D+00 -0.9320172160111419D-16  0.1353637962963102D+00
  0.0000000000000000D+00 -0.1951571382891150D-16  0.1190187766540840D+00  0.0000000000000000D+00  0.3430700188834066D-16  0.1353376877382074D+00
  0.0000000000000000D+00 -0.1970077047414311D-16  0.1196954650927751D+00  0.0000000000000000D+00  0.4332357818326886D-17  0.1353847293105767D+00
  0.0000000000000000D+00 -0.1925437570066274D-16  0.1203723887393280D+00  0.0000000000000000D+00  0.1918660613042532D-16  0.1355620307523818D+00
  0.0000000000000000D+00 -0.1863047922960067D-16  0.1210501988930899D+00  0.0000000000000000D+00 -0.6707560140038809D-16  0.1358869907255281D+00
  0.0000000000000000D+00 -0.1914357659208649D-16  0.1217296338467175D+00  0.0000000000000000D+00  0.1017985911475847D-17  0.1363373854341804D+00
  0.0000000000000000D+00 -0.1899339687431049D-16  0.1224113207738884D+00  0.0000000000000000D+00 -0.8482292776982565D-16  0.1368616661638761D+00
  0.0000000000000000D+00 -0.1861322987928543D-16  0.1230956291047078D+00  0.0000000000000000D+00 -0.2296219336371196D-16  0.1373953992734507D+00
  0.0000000000000000D+00 -0.1849600254813147D-16  0.1237826061010751D+00  0.0000000000000000D+00  0.7666017097292419D-17  0.1378784306618465D+00
  0.0000000000000000D+00 -0.1820612366925569D-16  0.1244719982543843D+00  0.0000000000000000D+00 -0.6994476526110230D-16  0.1382679577659024D+00
  0.0000000000000000D+00 -0.1884283393374837D-16  0.1251633380432138D+00  0.0000000000000000D+00 -0.1292054350698856D-16  0.1385448414698403D+00
  0.0000000000000000D+00 -0.1918997849357835D-16  0.1258560622505630D+00  0.0000000000000000D+00  0.2037024327503474D-16  0.1387131514322674D+00
  0.0000000000000000D+00 -0.1875520224926847D-16  0.1265496280077243D+00  0.0000000000000000D+00  0.2921439373521789D-16  0.1387949662199637D+00
  0.0000000000000000D+00 -0.1822787511171352D-16  0.1272436028388242D+00  0.0000000000000000D+00  0.4091557104584398D-17  0.1388231544852457D+00
  0.0000000000000000D+00 -0.1872902204960044D-16  0.1279377186112504D+00  0.0000000000000000D+00 -0.2984944249650645D-16  0.1388342988486953D+00
  0.0000000000000000D+00 -0.1896089662016499D-16  0.1286318901054939D+00  0.0000000000000000D+00 -0.1068176815105493D-15  0.1388627529623856D+00
  0.0000000000000000D+00 -0.1948326989128957D-16  0.1293262038703058D+00  0.0000000000000000D+00 -0.3957920057593289D-16  0.1390557488680865D+00
  0.0000000000000000D+00 -0.1958172736902573D-16  0.1300214826146462D+00  0.0000000000000000D+00  0.3038480834568777D-16  0.1395993613736938D+00
  0.0000000000000000D+00 -0.1933354660513706D-16  0.1307194794215147D+00  0.0000000000000000D+00 -0.1463978055821242D-16  0.1404145899250995D+00
  0.0000000000000000D+00 -0.1951958915149093D-16  0.1314215523711402D+00  0.0000000000000000D+00  0.3642693038481359D-16  0.1413709563549531D+00
  0.0000000000000000D+00 -0.1943847671271823D-16  0.1321284071529150D+00  0.0000000000000000D+00  0.5334095707097321D-16  0.1423199163598026D+00
  0.0000000000000000D+00 -0.1951761497126882D-16  0.1328400067347140D+00  0.0000000000000000D+00 -0.3635507377985113D-16  0.1431304491763772D+00
  0.0000000000000000D+00 -0.2002058063053917D-16  0.1335556589805958D+00  0.0000000000000000D+00  0.9404560380130519D-17  0.1437177274307398D+00
  0.0000000000000000D+00 -0.1959334606852485D-16  0.1342742476177496D+00  0.0000000000000000D+00  0.5674610057500423D-17  0.1440583988471308D+00
  0.0000000000000000D+00 -0.1955288446543824D-16  0.1349945396119852D+00  0.0000000000000000D+00 -0.4826285440182743D-17  0.1441786230387606D+00
  0.0000000000000000D+00 -0.1947145455406016D-16  0.1357154327271790D+00  0.0000000000000000D+00 -0.7030824937922568D-16  0.1441329536200794D+00
  0.0000000000000000D+00 -0.2002290738295459D-16  0.1364360974952794D+00  0.0000000000000000D+00 -0.2140014275206501D-17  0.1440362544136224D+00
  0.0000000000000000D+00 -0.1993705723232812D-16  0.1371562787673475D+00  0.0000000000000000D+00  0.1284110483483915D-17  0.1440027979625021D+00
  0.0000000000000000D+00 -0.1960999224457592D-16  0.1378762927571600D+00  0.0000000000000000D+00 -0.6702437352661508D-16  0.1441199068578885D+00
  0.0000000000000000D+00 -0.2000207837015597D-16  0.1385968922914495D+00  0.0000000000000000D+00 -0.1111516972417726D-15  0.1444301634944470D+00
  0.0000000000000000D+00 -0.2109097432350092D-16  0.1393190431089217D+00  0.0000000000000000D+00 -0.1372140299824048D-16  0.1449254106291901D+00
  0.0000000000000000D+00 -0.2068836015029875D-16  0.1400436701620677D+00  0.0000000000000000D+00 -0.9734357178276439D-16  0.1455527498037576D+00
  0.0000000000000000D+00 -0.2059806120372542D-16  0.1407714339110865D+00  0.0000000000000000D+00 -0.2458010638719938D-16  0.1462299846158406D+00
  0.0000000000000000D+00 -0.2061702305961897D-16  0.1415025838341656D+00  0.0000000000000000D+00 -0.7576479342582227D-16  0.1468660932277648D+00
  0.0000000000000000D+00 -0.2105900158592589D-16  0.1422369143003045D+00  0.0000000000000000D+00  0.7559542102418583D-16  0.1473817034562491D+00
  0.0000000000000000D+00 -0.2086569906117338D-16  0.1429738228175857D+00  0.0000000000000000D+00  0.4928362378292517D-16  0.1477251663851875D+00
  0.0000000000000000D+00 -0.2077744621759360D-16  0.1437124486495117D+00  0.0000000000000000D+00 -0.1800202133043836D-16  0.1478813379465259D+00
  0.0000000000000000D+00 -0.2093322619685495D-16  0.1444518553392443D+00  0.0000000000000000D+00 -0.6372603275421747D-16  0.1478720705258947D+00
  0.0000000000000000D+00 -0.2114465842022482D-16  0.1451912156918738D+00  0.0000000000000000D+00 -0.5559356402808881D-16  0.1477491960847024D+00
  0.0000000000000000D+00 -0.2141100602956283D-16  0.1459299616722973D+00  0.0000000000000000D+00  0.5076004169354743D-16  0.1475821127741809D+00
  0.0000000000000000D+00 -0.2156484746426572D-16  0.1466678722361682D+00  0.0000000000000000D+00  0.4187654523572853D-16  0.1477050991862659D+00
  0.0000000000000000D+00 -0.2102574840630405D-16  0.1474063977320995D+00  0.0000000000000000D+00 -0.7781694217466186D-16  0.1481196894496135D+00
  0.0000000000000000D+00 -0.2195949939458856D-16  0.1481469961793476D+00  0.0000000000000000D+00 -0.3415285904851742D-16  0.1487431578975461D+00
  0.0000000000000000D+00 -0.2111125327404229D-16  0.1488907119688354D+00  0.0000000000000000D+00 -0.4968137813956732D-17  0.1494698557178574D+00
  0.0000000000000000D+00 -0.2106102363944628D-16  0.1496380612474246D+00  0.0000000000000000D+00 -0.3241349982080837D-16  0.1501858219601387D+00
  0.0000000000000000D+00 -0.2129521775705872D-16  0.1503889903572253D+00  0.0000000000000000D+00 -0.5321922421562808D-16  0.1507971701110470D+00
  0.0000000000000000D+00 -0.2178775742351979D-16  0.1511429762077806D+00  0.0000000000000000D+00 -0.6777525229587442D-16  0.1512490275958258D+00
  0.0000000000000000D+00 -0.2242713290796340D-16  0.1518992213457597D+00  0.0000000000000000D+00 -0.7596072608137077D-16  0.1515316077519853D+00
  0.0000000000000000D+00 -0.2225775960546364D-16  0.1526568793845196D+00  0.0000000000000000D+00 -0.4474214815807285D-16  0.1516741808968386D+00
  0.0000000000000000D+00 -0.2277083051397002D-16  0.1534152502890038D+00  0.0000000000000000D+00 -0.9965732173382995D-17  0.1517308528421848D+00
  0.0000000000000000D+00 -0.2282779451783519D-16  0.1541739045532147D+00  0.0000000000000000D+00 -0.3307882681292085D-16  0.1517634385020797D+00
  0.0000000000000000D+00 -0.2236023248534088D-16  0.1549327217457251D+00  0.0000000000000000D+00  0.1292427407049057D-16  0.1518263070514475D+00
  0.0000000000000000D+00 -0.2258911560518497D-16  0.1556918532809823D+00  0.0000000000000000D+00 -0.3214703843009879D-17  0.1521132653883160D+00
  0.0000000000000000D+00 -0.2255578280671898D-16  0.1564524196079239D+00  0.0000000000000000D+00 -0.4416865409374101D-16  0.1526209987800781D+00
  0.0000000000000000D+00 -0.2257746800155717D-16  0.1572155246018243D+00  0.0000000000000000D+00  0.4415913885835626D-16  0.1532560548457112D+00
  0.0000000000000000D+00 -0.2291236357024875D-16  0.1579818048760528D+00  0.0000000000000000D+00  0.1196028478348694D-16  0.1539080615934812D+00
  0.0000000000000000D+00 -0.2270848769366184D-16  0.1587513451840203D+00  0.0000000000000000D+00 -0.1892745746561590D-16  0.1544900996705212D+00
  0.0000000000000000D+00 -0.2218917007956344D-16  0.1595237956823729D+00  0.0000000000000000D+00 -0.9829188189254686D-16  0.1549591169364380D+00
  0.0000000000000000D+00 -0.2345084291256545D-16  0.1602985912670551D+00  0.0000000000000000D+00 -0.1437789021594441D-16  0.1553124188062934D+00
  0.0000000000000000D+00 -0.2351255951826080D-16  0.1610751533610865D+00  0.0000000000000000D+00  0.3004452759347290D-16  0.1555380454933284D+00
  0.0000000000000000D+00 -0.2282875162893594D-16  0.1618528435885532D+00  0.0000000000000000D+00 -0.6332295606374747D-16  0.1556528138236524D+00
  0.0000000000000000D+00 -0.2370249794995817D-16  0.1626311076576714D+00  0.0000000000000000D+00 -0.6355893007777511D-16  0.1556858534364106D+00
